# Tetrahedron method
       -2.1343610855        0.0000000000        0.0000000000        0.0000000000        0.0000000000        0.0000000000        0.0000000000        0.0000000000        0.0000000000        0.0000000000        0.0000000000
       -2.0262167348        0.0000000000        0.0000000000        0.0000000000        0.0000000000        0.0000000000        0.0000000000        0.0000000000        0.0000000000        0.0000000000        0.0000000000
       -1.9180723841        0.0000000000        0.0000000000        0.0000000000        0.0000000000        0.0000000000        0.0000000000        0.0000000000        0.0000000000        0.0000000000        0.0000000000
       -1.8099280334        0.0000000000        0.0000000000        0.0000000000        0.0000000000        0.0000000000        0.0000000000        0.0000000000        0.0000000000        0.0000000000        0.0000000000
       -1.7017836826        0.0000000000        0.0000000000        0.0000000000        0.0000000000        0.0000000000        0.0000000000        0.0000000000        0.0000000000        0.0000000000        0.0000000000
       -1.5936393319        0.0000000000        0.0000000000        0.0000000000        0.0000000000        0.0000000000        0.0000000000        0.0000000000        0.0000000000        0.0000000000        0.0000000000
       -1.4854949812        0.0000000000        0.0000000000        0.0000000000        0.0000000000        0.0000000000        0.0000000000        0.0000000000        0.0000000000        0.0000000000        0.0000000000
       -1.3773506305        0.0000000000        0.0000000000        0.0000000000        0.0000000000        0.0000000000        0.0000000000        0.0000000000        0.0000000000        0.0000000000        0.0000000000
       -1.2692062798        0.0000000000        0.0000000000        0.0000000000        0.0000000000        0.0000000000        0.0000000000        0.0000000000        0.0000000000        0.0000000000        0.0000000000
       -1.1610619291        0.0000000000        0.0000000000        0.0000000000        0.0000000000        0.0000000000        0.0000000000        0.0000000000        0.0000000000        0.0000000000        0.0000000000
       -1.0529175783        0.0000000000        0.0000000000        0.0000000000        0.0000000000        0.0000000000        0.0000000000        0.0000000000        0.0000000000        0.0000000000        0.0000000000
       -0.9447732276        0.0000000000        0.0000000000        0.0000000000        0.0000000000        0.0000000000        0.0000000000        0.0000000000        0.0000000000        0.0000000000        0.0000000000
       -0.8366288769        0.0000000000        0.0000000000        0.0000000000        0.0000000000        0.0000000000        0.0000000000        0.0000000000        0.0000000000        0.0000000000        0.0000000000
       -0.7284845262        0.0000000000        0.0000000000        0.0000000000        0.0000000000        0.0000000000        0.0000000000        0.0000000000        0.0000000000        0.0000000000        0.0000000000
       -0.6203401755        0.0000000000        0.0000000000        0.0000000000        0.0000000000        0.0000000000        0.0000000000        0.0000000000        0.0000000000        0.0000000000        0.0000000000
       -0.5121958248        0.0000000000        0.0000000000        0.0000000000        0.0000000000        0.0000000000        0.0000000000        0.0000000000        0.0000000000        0.0000000000        0.0000000000
       -0.4040514741        0.0000000000        0.0000000000        0.0000000000        0.0000000000        0.0000000000        0.0000000000        0.0000000000        0.0000000000        0.0000000000        0.0000000000
       -0.2959071233        0.0057546786        0.0064179368        0.0058944188        0.0055639841        0.0058299932        0.0057275032        0.0104334945        0.0055175200        0.0053915477        0.0225764793
       -0.1877627726        0.0147895835        0.0155757783        0.0150793604        0.0146143806        0.0148323431        0.0147762443        0.0281872601        0.0140596322        0.0139869205        0.0561366552
       -0.0796184219        0.0150110557        0.0159513477        0.0154682251        0.0147453056        0.0150874487        0.0149887347        0.0286487664        0.0142576361        0.0141108465        0.0574154742
        0.0285259288        0.0187976309        0.0200175999        0.0194567950        0.0183520166        0.0188838876        0.0187094806        0.0362449187        0.0179325743        0.0176769737        0.0719287634
        0.1366702795        0.0207550023        0.0222175369        0.0216265132        0.0200208486        0.0207518616        0.0205345440        0.0398620915        0.0197901228        0.0193557919        0.0801223746
        0.2448146302        0.0230677217        0.0247685697        0.0241749812        0.0219162421        0.0228543235        0.0225716593        0.0438989785        0.0219480957        0.0212547399        0.0899631563
        0.3529589810        0.0269730183        0.0288056388        0.0281846915        0.0251056330        0.0262157813        0.0259257529        0.0504958216        0.0254164467        0.0243474991        0.1057922187
        0.4611033317        0.0309797263        0.0327821903        0.0322560147        0.0281850398        0.0293721609        0.0291583383        0.0568958765        0.0288504456        0.0272977830        0.1222265873
        0.5692476824        0.0397617254        0.0419875238        0.0414275147        0.0353519146        0.0368438510        0.0365947593        0.0715733414        0.0368524379        0.0342806424        0.1570541019
        0.6773920331        0.0460706607        0.0487269792        0.0480321491        0.0399756795        0.0418221814        0.0416009338        0.0810774599        0.0422647086        0.0387810062        0.1844740370
        0.7855363838        0.0643876193        0.0672676807        0.0666805905        0.0539445840        0.0558201861        0.0557798032        0.1091665833        0.0581714237        0.0522243114        0.2611796799
        0.8936807345        0.0727466115        0.0744943728        0.0739891302        0.0588500472        0.0595838492        0.0603161152        0.1171036136        0.0637690864        0.0561692173        0.2980569839
        1.0018250853        0.0808468290        0.0812357630        0.0807303848        0.0630495649        0.0622205378        0.0639195660        0.1220661529        0.0687738824        0.0592872374        0.3344185493
        1.1099694360        0.1053410076        0.1012961803        0.0968090069        0.0786376457        0.0709484646        0.0791635035        0.1383507755        0.0839941714        0.0710506522        0.4290407687
        1.2181137867        0.1421379255        0.1266920681        0.1250341215        0.1038332819        0.0836063620        0.0966273532        0.1444189768        0.1054015080        0.0870535639        0.5785542900
        1.3262581374        0.1409336971        0.1256955061        0.1383677975        0.1003688052        0.0889714135        0.0876311421        0.1365422822        0.1037415885        0.0824617024        0.6175077564
        1.4344024881        0.1292581922        0.1289076429        0.1337017154        0.0835624005        0.0829776927        0.0844451396        0.1474057769        0.0956202269        0.0716409753        0.6306440426
        1.5425468388        0.1183590046        0.1436887202        0.1319936774        0.0673026958        0.0816208837        0.0877489997        0.1471368661        0.0890342106        0.0617155893        0.6898746931
        1.6506911896        0.0799598694        0.0835257081        0.0838897728        0.0390888252        0.0375178637        0.0389966599        0.1926005708        0.0609348651        0.0362877140        0.4299637136
        1.7588355403        0.3564178303        0.5330686714        0.3280336193        0.1589643545        0.2283972183        0.2298170963        3.2241041228        0.2648963339        0.1347035365        1.9406515552
        1.8669798910        0.0789543453        0.0500713795        0.0594170429        0.0588048373        0.0313434368        0.0471298912        0.7027526824        0.0359079635        0.0285743204        0.3427366634
        1.9751242417        0.4569315884        0.4734648393        0.4462334146        0.2393671892        0.2406044480        0.2419383759        3.7785069826        0.2537845176        0.1838340098        1.9559709432
        2.0832685924        0.1567376517        0.1562434002        0.1315127391        0.0653054594        0.0750135770        0.0824953219        0.5939097650        0.0519593660        0.0271674012        0.2979680728
        2.1914129431        0.6034854966        0.5407774882        0.5871126020        0.2798302670        0.2614193425        0.2625078845        1.9104131420        0.3612123638        0.2291607415        1.9993322899
        2.2995572938        0.3231994899        0.3161227150        0.2623017219        0.1823840998        0.1835379396        0.1802744952        0.9480923472        0.1733249876        0.1426398597        0.8268042055
        2.4077016446        0.2562816793        0.2840008771        0.3025070240        0.2235050436        0.2466984443        0.2393492353        1.0600069582        0.1022073526        0.1476932071        0.4409218754
        2.5158459953        0.4521708794        0.3531057787        0.4305929904        0.2443782421        0.2504036881        0.1720595027        1.1615721347        0.0896752078        0.1360986537        1.3378416110
        2.6239903460        0.1711161587        0.1850282282        0.1651090171        0.0900920696        0.0989720729        0.0956766441        0.4692784219        0.0437277058        0.0617772994        0.6703019851
        2.7321346967        0.0720121655        0.0297257402        0.1457187295        0.1799252718        0.0801949310        0.1825130785        0.7797234549        0.0220381252        0.0801872321        0.2984315486
        2.8402790474        0.0000000000        0.0000000000        0.0000000000        0.0000000000        0.0000000000        0.0000000000        0.0000000000        0.0000000000        0.0000000000        0.0000000000
        2.9484233981        0.0000000000        0.0000000000        0.0000000000        0.0000000000        0.0000000000        0.0000000000        0.0000000000        0.0000000000        0.0000000000        0.0000000000
        3.0565677489        0.5498390123        0.6158505744        0.6494965374        0.1879860633        0.1980158089        0.1766845649        1.1013670558        0.3002692206        0.2516745503        1.0237148297
        3.1647120996        1.0092477264        1.1436291999        0.8974074623        0.6815696724        0.7399112669        1.0068358715        5.2105175454        0.5161931398        0.2964394735        1.0774517255
        3.2728564503        0.0000000000        0.0000000000        0.0000000000        0.0000000000        0.0000000000        0.0000000000        0.0000000000        0.0000000000        0.0000000000        0.0000000000
        3.3810008010        0.2223044195        0.4468033227        0.8467689579        0.0595553733        0.0766946750        0.0351017879        0.3046679124        0.0573058292        0.0281869691        0.7396433056
        3.4891451517        0.2176062384        0.1581223462        0.3694591104        0.0265519174        0.0243023945        0.0225363455        0.1171534552        0.0195603185        0.0115353260        0.2158879138
        3.5972895024        0.1609025500        0.2510415845        0.4460719824        0.0105508999        0.0148178490        0.0507195412        0.1007369274        0.0298230781        0.0124596905        0.0900339933
        3.7054338532        0.0000000000        0.0000000000        0.0000000000        0.0000000000        0.0000000000        0.0000000000        0.0000000000        0.0000000000        0.0000000000        0.0000000000
        3.8135782039        0.0000000000        0.0000000000        0.0000000000        0.0000000000        0.0000000000        0.0000000000        0.0000000000        0.0000000000        0.0000000000        0.0000000000
        3.9217225546        0.0000000000        0.0000000000        0.0000000000        0.0000000000        0.0000000000        0.0000000000        0.0000000000        0.0000000000        0.0000000000        0.0000000000
        4.0298669053        0.0000000000        0.0000000000        0.0000000000        0.0000000000        0.0000000000        0.0000000000        0.0000000000        0.0000000000        0.0000000000        0.0000000000
        4.1380112560        0.0000000000        0.0000000000        0.0000000000        0.0000000000        0.0000000000        0.0000000000        0.0000000000        0.0000000000        0.0000000000        0.0000000000
        4.2461556067        0.9923388071        1.0053038673        0.9732647463        0.7004424752        0.5597973272        0.5594136016        0.0586998882        0.4162533349        0.7866972241        1.0684857499
        4.3542999575        0.7741343834        0.6298084842        0.9348701428        0.6485162436        0.5806707231        0.9086617098        0.1385632691        0.7602010787        0.6343989993        0.6758481585
        4.4624443082        0.4772269852        0.5789240322        0.4839601461        0.7043998822        0.6143208023        0.5571278086        0.0831138327        0.5933632838        0.4010004457        0.7853246009
        4.5705886589        0.4562010096        0.4506020620        0.4367763160        0.2798430071        0.2690923263        0.2667522240        0.1250619221        0.4354205527        0.3826946806        0.5457097810
        4.6787330096        0.5414537556        0.5271374937        0.5227429740        0.1997971978        0.2602364557        0.2323470178        0.1487337258        0.4538274835        0.5090854423        0.5905458310
        4.7868773603        0.0000000000        0.0000000000        0.0000000000        0.0000000000        0.0000000000        0.0000000000        0.0000000000        0.0000000000        0.0000000000        0.0000000000
        4.8950217110        0.0000000000        0.0000000000        0.0000000000        0.0000000000        0.0000000000        0.0000000000        0.0000000000        0.0000000000        0.0000000000        0.0000000000
        5.0031660617        0.0000000000        0.0000000000        0.0000000000        0.0000000000        0.0000000000        0.0000000000        0.0000000000        0.0000000000        0.0000000000        0.0000000000
        5.1113104125        0.0000000000        0.0000000000        0.0000000000        0.0000000000        0.0000000000        0.0000000000        0.0000000000        0.0000000000        0.0000000000        0.0000000000
        5.2194547632        0.0000000000        0.0000000000        0.0000000000        0.0000000000        0.0000000000        0.0000000000        0.0000000000        0.0000000000        0.0000000000        0.0000000000
        5.3275991139        0.0000000000        0.0000000000        0.0000000000        0.0000000000        0.0000000000        0.0000000000        0.0000000000        0.0000000000        0.0000000000        0.0000000000
        5.4357434646        0.2009148396        0.2026875806        0.2017885742        1.1755169352        1.4357564775        1.3132035222        0.4295346260        0.1052687929        0.2381239257        0.2073968618
        5.5438878153        0.0309586615        0.0291203067        0.0176135391        0.0962985125        0.2970552629        0.2053402815        0.0986396782        0.0231706813        0.0291303287        0.0225218049
        5.6520321660        0.0461167755        0.0456583364        0.0444104317        0.1624906012        0.1492363737        0.1603729218        0.1286317081        0.0272532559        0.0409075037        0.0363135076
        5.7601765168        0.0533966314        0.0528549293        0.0510657842        0.2358821127        0.2305300174        0.2350286946        0.1329702176        0.0289636265        0.0496784568        0.0629719905
        5.8683208675        0.0505994037        0.0512249166        0.0502307757        0.3106598278        0.3188473560        0.3226515863        0.1402847579        0.0305220994        0.0477080058        0.0897231198
        5.9764652182        0.0663964145        0.0628635976        0.0694494636        0.5535731381        0.6619009530        0.6060812066        0.2485941886        0.0519407132        0.0591720299        0.1627790403
        6.0846095689        0.0645496168        0.0655494524        0.0639156610        0.5179276564        0.4837611266        0.4824806197        0.2088634975        0.0710327313        0.0263477047        0.1191317304
        6.1927539196        0.0437357112        0.0450919525        0.0447179814        0.2307297533        0.2369044887        0.2418103030        0.0962897904        0.0537841918        0.0049308789        0.0460082947
        6.3008982703        0.0000000000        0.0000000000        0.0000000000        0.0000000000        0.0000000000        0.0000000000        0.0000000000        0.0000000000        0.0000000000        0.0000000000
        6.4090426211        1.6440964789        1.6266962604        1.8046746470        2.1729916773        2.3969863988        2.4284693730        0.4795252621        1.8101252613        1.9530942785        0.4577558841
        6.5171869718        0.1630380230        0.1610014668        0.1753138817        0.2602073262        0.2577276813        0.2917010848        0.0846818190        0.2053040350        0.3036557421        0.0344529013
        6.6253313225        0.2475884147        0.2484899004        0.2533598573        0.4184926575        0.4297981785        0.4539980947        0.0676821169        0.3162439071        0.4939688192        0.0541668401
        6.7334756732        0.0000000000        0.0000000000        0.0000000000        0.0000000000        0.0000000000        0.0000000000        0.0000000000        0.0000000000        0.0000000000        0.0000000000
        6.8416200239        0.4056950202        0.3804315159        0.3859911063        0.7975216387        0.8048961484        0.7941409309        0.1220628625        0.4205289945        0.3036909169        0.1911474355
        6.9497643746        0.3614733496        0.3574645943        0.3577008206        0.5000569165        0.4989999470        0.4739698019        0.0324070983        0.2421218411        0.0106830961        0.0494263705
        7.0579087254        0.0000000000        0.0000000000        0.0000000000        0.0000000000        0.0000000000        0.0000000000        0.0000000000        0.0000000000        0.0000000000        0.0000000000
        7.1660530761        0.0000000000        0.0000000000        0.0000000000        0.0000000000        0.0000000000        0.0000000000        0.0000000000        0.0000000000        0.0000000000        0.0000000000
        7.2741974268        0.0000000000        0.0000000000        0.0000000000        0.0000000000        0.0000000000        0.0000000000        0.0000000000        0.0000000000        0.0000000000        0.0000000000
        7.3823417775        0.0000000000        0.0000000000        0.0000000000        0.0000000000        0.0000000000        0.0000000000        0.0000000000        0.0000000000        0.0000000000        0.0000000000
        7.4904861282        0.0000000000        0.0000000000        0.0000000000        0.0000000000        0.0000000000        0.0000000000        0.0000000000        0.0000000000        0.0000000000        0.0000000000
        7.5986304789        0.0000000000        0.0000000000        0.0000000000        0.0000000000        0.0000000000        0.0000000000        0.0000000000        0.0000000000        0.0000000000        0.0000000000
        7.7067748296        0.0015558587        0.0017596162        0.0014987249        0.7642043125        0.7646899436        0.7647896036        0.0657970507        0.0096192367        0.0028631760        0.0562765243
        7.8149191804        0.0000000000        0.0000000000        0.0000000000        0.0000000000        0.0000000000        0.0000000000        0.0000000000        0.0000000000        0.0000000000        0.0000000000
        7.9230635311        0.0000000000        0.0000000000        0.0000000000        0.0000000000        0.0000000000        0.0000000000        0.0000000000        0.0000000000        0.0000000000        0.0000000000
        8.0312078818        0.0000000000        0.0000000000        0.0000000000        0.0000000000        0.0000000000        0.0000000000        0.0000000000        0.0000000000        0.0000000000        0.0000000000
        8.1393522325        0.0000000000        0.0000000000        0.0000000000        0.0000000000        0.0000000000        0.0000000000        0.0000000000        0.0000000000        0.0000000000        0.0000000000
        8.2474965832        2.1233025401        1.8061987784        1.7220883749        0.0495428747        0.0490170080        0.0457534758        0.0290041824        0.3704593637        0.0249541934        0.3744914895
        8.3556409339        0.0000000000        0.0000000000        0.0000000000        0.0000000000        0.0000000000        0.0000000000        0.0000000000        0.0000000000        0.0000000000        0.0000000000
        8.4637852847        1.8505233669        1.6917593490        1.7545340895        0.0540946761        0.0515313256        0.0490776988        0.0352659287        0.2543623901        0.0587803647        0.4259321282
        8.5719296354        0.0000000000        0.0000000000        0.0000000000        0.0000000000        0.0000000000        0.0000000000        0.0000000000        0.0000000000        0.0000000000        0.0000000000
        8.6800739861        0.5508046931        0.5188764778        0.5663298465        0.4253471392        0.4240027438        0.4256432506        0.1822566720        0.1702742123        0.4164183764        0.2163984280
        8.7882183368        0.1500601405        0.1423222136        0.1559916719        0.1347054999        0.1297215057        0.1359766097        0.0252973871        0.0459894906        0.1281254482        0.0743891850
        8.8963626875        0.0967700704        0.0940659618        0.0971210669        0.0956213507        0.0956033412        0.0963809034        0.0113040292        0.0297165096        0.0872147922        0.0590525617
        9.0045070382        0.0660079915        0.0647735508        0.0664368000        0.0710831570        0.0716061058        0.0718981662        0.0062999382        0.0200680987        0.0613601460        0.0482019704
        9.1126513890        0.0627890458        0.0608703814        0.0628360569        0.8975624929        0.8837994447        0.8807898499        0.4216667147        0.0218503506        0.1776590820        0.0518576422
        9.2207957397        0.0470326150        0.0480758429        0.0486466585        1.3288002829        1.3409559569        1.3598039140        0.7631253032        0.0376012690        0.1897450965        0.0445250823
        9.3289400904        0.0400088784        0.0404709792        0.0409989597        0.5248165120        0.5303734866        0.5252221395        0.2830041770        0.0208137498        0.0938845824        0.0367397057
        9.4370844411        0.0000000000        0.0000000000        0.0000000000        0.0000000000        0.0000000000        0.0000000000        0.0000000000        0.0000000000        0.0000000000        0.0000000000
        9.5452287918        0.0000000000        0.0000000000        0.0000000000        0.0000000000        0.0000000000        0.0000000000        0.0000000000        0.0000000000        0.0000000000        0.0000000000
        9.6533731425        0.0000000000        0.0000000000        0.0000000000        0.0000000000        0.0000000000        0.0000000000        0.0000000000        0.0000000000        0.0000000000        0.0000000000
        9.7615174933        0.0000000000        0.0000000000        0.0000000000        0.0000000000        0.0000000000        0.0000000000        0.0000000000        0.0000000000        0.0000000000        0.0000000000
        9.8696618440        0.0000000000        0.0000000000        0.0000000000        0.0000000000        0.0000000000        0.0000000000        0.0000000000        0.0000000000        0.0000000000        0.0000000000
        9.9778061947        0.0000000000        0.0000000000        0.0000000000        0.0000000000        0.0000000000        0.0000000000        0.0000000000        0.0000000000        0.0000000000        0.0000000000
       10.0859505454        0.0000000000        0.0000000000        0.0000000000        0.0000000000        0.0000000000        0.0000000000        0.0000000000        0.0000000000        0.0000000000        0.0000000000
       10.1940948961        0.0000000000        0.0000000000        0.0000000000        0.0000000000        0.0000000000        0.0000000000        0.0000000000        0.0000000000        0.0000000000        0.0000000000
       10.3022392468        0.0000000000        0.0000000000        0.0000000000        0.0000000000        0.0000000000        0.0000000000        0.0000000000        0.0000000000        0.0000000000        0.0000000000
       10.4103835975        0.5268209072        0.5258540370        0.5230964000        0.6070933983        0.6187996211        0.6005773183        0.0454910724        0.7056117617        0.2074059886        0.0266360956
       10.5185279483        0.5318256449        0.5308808120        0.5317627195        0.5916604642        0.5912994159        0.5907299797        0.0207486292        0.6882250704        0.2220775916        0.0217017900
       10.6266722990        0.0000000000        0.0000000000        0.0000000000        0.0000000000        0.0000000000        0.0000000000        0.0000000000        0.0000000000        0.0000000000        0.0000000000
       10.7348166497        0.0000000000        0.0000000000        0.0000000000        0.0000000000        0.0000000000        0.0000000000        0.0000000000        0.0000000000        0.0000000000        0.0000000000
       10.8429610004        0.0000000000        0.0000000000        0.0000000000        0.0000000000        0.0000000000        0.0000000000        0.0000000000        0.0000000000        0.0000000000        0.0000000000
       10.9511053511        0.0000000000        0.0000000000        0.0000000000        0.0000000000        0.0000000000        0.0000000000        0.0000000000        0.0000000000        0.0000000000        0.0000000000
       11.0592497018        0.0000000000        0.0000000000        0.0000000000        0.0000000000        0.0000000000        0.0000000000        0.0000000000        0.0000000000        0.0000000000        0.0000000000
       11.1673940526        0.0000000000        0.0000000000        0.0000000000        0.0000000000        0.0000000000        0.0000000000        0.0000000000        0.0000000000        0.0000000000        0.0000000000
       11.2755384033        0.0000000000        0.0000000000        0.0000000000        0.0000000000        0.0000000000        0.0000000000        0.0000000000        0.0000000000        0.0000000000        0.0000000000
       11.3836827540        0.0000000000        0.0000000000        0.0000000000        0.0000000000        0.0000000000        0.0000000000        0.0000000000        0.0000000000        0.0000000000        0.0000000000
       11.4918271047        0.0000000000        0.0000000000        0.0000000000        0.0000000000        0.0000000000        0.0000000000        0.0000000000        0.0000000000        0.0000000000        0.0000000000
       11.5999714554        0.0000000000        0.0000000000        0.0000000000        0.0000000000        0.0000000000        0.0000000000        0.0000000000        0.0000000000        0.0000000000        0.0000000000
       11.7081158061        0.0000000000        0.0000000000        0.0000000000        0.0000000000        0.0000000000        0.0000000000        0.0000000000        0.0000000000        0.0000000000        0.0000000000
       11.8162601569        0.0000000000        0.0000000000        0.0000000000        0.0000000000        0.0000000000        0.0000000000        0.0000000000        0.0000000000        0.0000000000        0.0000000000
       11.9244045076        0.0000000000        0.0000000000        0.0000000000        0.0000000000        0.0000000000        0.0000000000        0.0000000000        0.0000000000        0.0000000000        0.0000000000
       12.0325488583        0.0000000000        0.0000000000        0.0000000000        0.0000000000        0.0000000000        0.0000000000        0.0000000000        0.0000000000        0.0000000000        0.0000000000
       12.1406932090        0.0000000000        0.0000000000        0.0000000000        0.0000000000        0.0000000000        0.0000000000        0.0000000000        0.0000000000        0.0000000000        0.0000000000
       12.2488375597        0.0000000000        0.0000000000        0.0000000000        0.0000000000        0.0000000000        0.0000000000        0.0000000000        0.0000000000        0.0000000000        0.0000000000
       12.3569819104        0.0000000000        0.0000000000        0.0000000000        0.0000000000        0.0000000000        0.0000000000        0.0000000000        0.0000000000        0.0000000000        0.0000000000
       12.4651262612        0.0000000000        0.0000000000        0.0000000000        0.0000000000        0.0000000000        0.0000000000        0.0000000000        0.0000000000        0.0000000000        0.0000000000
       12.5732706119        0.0000000000        0.0000000000        0.0000000000        0.0000000000        0.0000000000        0.0000000000        0.0000000000        0.0000000000        0.0000000000        0.0000000000
       12.6814149626        0.0000000000        0.0000000000        0.0000000000        0.0000000000        0.0000000000        0.0000000000        0.0000000000        0.0000000000        0.0000000000        0.0000000000
       12.7895593133        2.0648154641        2.0581020510        2.0632733022        1.3157365361        1.3109321606        1.3208681894        0.0038892881        0.9552307722        2.4289116442        0.0156435430
       12.8977036640        0.3426951008        0.3464070260        0.3439334924        0.2282573616        0.2320132055        0.2267136552        0.0004944334        0.1858178980        0.4306778064        0.0073334036
       13.0058480147        0.1758703400        0.1755373935        0.1764594309        0.1191000404        0.1186919312        0.1197816223        0.0003383381        0.1078561697        0.2387466679        0.0086143090
       13.1139923654        0.0000000000        0.0000000000        0.0000000000        0.0000000000        0.0000000000        0.0000000000        0.0000000000        0.0000000000        0.0000000000        0.0000000000
       13.2221367162        0.0000000000        0.0000000000        0.0000000000        0.0000000000        0.0000000000        0.0000000000        0.0000000000        0.0000000000        0.0000000000        0.0000000000
       13.3302810669        0.0000000000        0.0000000000        0.0000000000        0.0000000000        0.0000000000        0.0000000000        0.0000000000        0.0000000000        0.0000000000        0.0000000000
       13.4384254176        0.0000000000        0.0000000000        0.0000000000        0.0000000000        0.0000000000        0.0000000000        0.0000000000        0.0000000000        0.0000000000        0.0000000000
       13.5465697683        0.0000000000        0.0000000000        0.0000000000        0.0000000000        0.0000000000        0.0000000000        0.0000000000        0.0000000000        0.0000000000        0.0000000000
       13.6547141190        0.0000000000        0.0000000000        0.0000000000        0.0000000000        0.0000000000        0.0000000000        0.0000000000        0.0000000000        0.0000000000        0.0000000000
       13.7628584697        0.0000000000        0.0000000000        0.0000000000        0.0000000000        0.0000000000        0.0000000000        0.0000000000        0.0000000000        0.0000000000        0.0000000000
       13.8710028205        0.0000000000        0.0000000000        0.0000000000        0.0000000000        0.0000000000        0.0000000000        0.0000000000        0.0000000000        0.0000000000        0.0000000000
       13.9791471712        0.0000000000        0.0000000000        0.0000000000        0.0000000000        0.0000000000        0.0000000000        0.0000000000        0.0000000000        0.0000000000        0.0000000000
       14.0872915219        0.0000000000        0.0000000000        0.0000000000        0.0000000000        0.0000000000        0.0000000000        0.0000000000        0.0000000000        0.0000000000        0.0000000000
       14.1954358726        0.0000000000        0.0000000000        0.0000000000        0.0000000000        0.0000000000        0.0000000000        0.0000000000        0.0000000000        0.0000000000        0.0000000000
       14.3035802233        0.0000000000        0.0000000000        0.0000000000        0.0000000000        0.0000000000        0.0000000000        0.0000000000        0.0000000000        0.0000000000        0.0000000000
       14.4117245740        0.0000000000        0.0000000000        0.0000000000        0.0000000000        0.0000000000        0.0000000000        0.0000000000        0.0000000000        0.0000000000        0.0000000000
       14.5198689248        0.0000000000        0.0000000000        0.0000000000        0.0000000000        0.0000000000        0.0000000000        0.0000000000        0.0000000000        0.0000000000        0.0000000000
       14.6280132755        0.0000000000        0.0000000000        0.0000000000        0.0000000000        0.0000000000        0.0000000000        0.0000000000        0.0000000000        0.0000000000        0.0000000000
       14.7361576262        0.0000000000        0.0000000000        0.0000000000        0.0000000000        0.0000000000        0.0000000000        0.0000000000        0.0000000000        0.0000000000        0.0000000000
       14.8443019769        0.0000000000        0.0000000000        0.0000000000        0.0000000000        0.0000000000        0.0000000000        0.0000000000        0.0000000000        0.0000000000        0.0000000000
       14.9524463276        0.0000000000        0.0000000000        0.0000000000        0.0000000000        0.0000000000        0.0000000000        0.0000000000        0.0000000000        0.0000000000        0.0000000000
       15.0605906783        0.0000000000        0.0000000000        0.0000000000        0.0000000000        0.0000000000        0.0000000000        0.0000000000        0.0000000000        0.0000000000        0.0000000000
       15.1687350291        0.0000000000        0.0000000000        0.0000000000        0.0000000000        0.0000000000        0.0000000000        0.0000000000        0.0000000000        0.0000000000        0.0000000000
       15.2768793798        0.0000000000        0.0000000000        0.0000000000        0.0000000000        0.0000000000        0.0000000000        0.0000000000        0.0000000000        0.0000000000        0.0000000000
       15.3850237305        0.0008300912        0.0008724561        0.0009880308        0.1634745078        0.1647996843        0.2049140470        0.0003527357        0.0029883008        0.9018479666        0.0021872236
       15.4931680812        0.0020458259        0.0022131065        0.0021974328        0.2080745119        0.2107458274        0.2173853627        0.0005841303        0.0122889766        1.1080987490        0.0030956356
       15.6013124319        0.0160840926        0.0165274313        0.0148452800        0.4541010419        0.3680922290        0.3848893422        0.0011245230        0.1062062035        2.1598296266        0.0062359714
       15.7094567826        0.0811783403        0.0871915032        0.0852547546        0.1064937119        0.1089425233        0.1509329001        0.0000950009        0.5841169286        0.8623778182        0.0009459698
       15.8176011333        0.0285184226        0.0425384971        0.0426935464        1.3884136178        1.1791029714        1.6970967819        0.0048855264        0.2893663755        7.2429700846        0.0290513077
       15.9257454841        0.0055332628        0.0034223757        0.0047693488        0.2621182194        0.2867155769        0.2452594627        0.0017051035        0.0347501096        1.4002922966        0.0061988803
       16.0338898348        0.0000000000        0.0000000000        0.0000000000        0.0000000000        0.0000000000        0.0000000000        0.0000000000        0.0000000000        0.0000000000        0.0000000000
       16.1420341855        0.0000000000        0.0000000000        0.0000000000        0.0000000000        0.0000000000        0.0000000000        0.0000000000        0.0000000000        0.0000000000        0.0000000000
       16.2501785362        0.0000000000        0.0000000000        0.0000000000        0.0000000000        0.0000000000        0.0000000000        0.0000000000        0.0000000000        0.0000000000        0.0000000000
       16.3583228869        0.0000000000        0.0000000000        0.0000000000        0.0000000000        0.0000000000        0.0000000000        0.0000000000        0.0000000000        0.0000000000        0.0000000000
       16.4664672376        0.0000000000        0.0000000000        0.0000000000        0.0000000000        0.0000000000        0.0000000000        0.0000000000        0.0000000000        0.0000000000        0.0000000000
       16.5746115884        0.0000000000        0.0000000000        0.0000000000        0.0000000000        0.0000000000        0.0000000000        0.0000000000        0.0000000000        0.0000000000        0.0000000000
       16.6827559391        0.0000000000        0.0000000000        0.0000000000        0.0000000000        0.0000000000        0.0000000000        0.0000000000        0.0000000000        0.0000000000        0.0000000000
       16.7909002898        0.0000000000        0.0000000000        0.0000000000        0.0000000000        0.0000000000        0.0000000000        0.0000000000        0.0000000000        0.0000000000        0.0000000000
       16.8990446405        0.1938636201        0.2232414461        0.2515353786        0.0006521661        0.0007919216        0.0010191900        0.0000171638        1.0806763676        0.0022487897        0.0034171584
       17.0071889912        0.2789814451        0.2799187782        0.2860714063        0.0027071035        0.0028907866        0.0028826338        0.0000778308        1.3951399455        0.0090496880        0.0056659290
       17.1153333419        0.6121715235        0.5663215540        0.5307929980        0.0132644615        0.0127374956        0.0126066233        0.0003240837        2.8774253998        0.0458702553        0.0145544950
       17.2234776927        0.0349520918        0.0291928909        0.0165417068        0.0009462428        0.0008453291        0.0006609822        0.0000042572        0.1273343327        0.0030242905        0.0001615841
       17.3316220434        0.0561796504        0.0551835212        0.0520653514        0.0021567175        0.0021374466        0.0021513860        0.0000124385        0.2575737978        0.0082344002        0.0003387530
       17.4397663941        0.3097761007        0.2511275953        0.1921854689        0.0112420057        0.0104443563        0.0074609153        0.0000678899        1.1945380492        0.0368059920        0.0021078963
       17.5479107448        0.5523948260        0.7972914307        0.6724252724        0.0167198798        0.0132997938        0.0195342700        0.0000939284        3.3119283431        0.0573258289        0.0088573816
       17.6560550955        0.2802337426        0.2829404193        0.2515833901        0.0066252189        0.0059502751        0.0059569988        0.0000416770        1.3591475575        0.0228434776        0.0034795998
       17.7641994462        0.0000000000        0.0000000000        0.0000000000        0.0000000000        0.0000000000        0.0000000000        0.0000000000        0.0000000000        0.0000000000        0.0000000000
       17.8723437970        0.0000000000        0.0000000000        0.0000000000        0.0000000000        0.0000000000        0.0000000000        0.0000000000        0.0000000000        0.0000000000        0.0000000000
       17.9804881477        0.0000000000        0.0000000000        0.0000000000        0.0000000000        0.0000000000        0.0000000000        0.0000000000        0.0000000000        0.0000000000        0.0000000000
       18.0886324984        0.0000000000        0.0000000000        0.0000000000        0.0000000000        0.0000000000        0.0000000000        0.0000000000        0.0000000000        0.0000000000        0.0000000000
       18.1967768491        0.0000000000        0.0000000000        0.0000000000        0.0000000000        0.0000000000        0.0000000000        0.0000000000        0.0000000000        0.0000000000        0.0000000000
       18.3049211998        0.0000000000        0.0000000000        0.0000000000        0.0000000000        0.0000000000        0.0000000000        0.0000000000        0.0000000000        0.0000000000        0.0000000000
       18.4130655505        0.0000000000        0.0000000000        0.0000000000        0.0000000000        0.0000000000        0.0000000000        0.0000000000        0.0000000000        0.0000000000        0.0000000000
       18.5212099012        0.0000000000        0.0000000000        0.0000000000        0.0000000000        0.0000000000        0.0000000000        0.0000000000        0.0000000000        0.0000000000        0.0000000000
       18.6293542520        0.0000000000        0.0000000000        0.0000000000        0.0000000000        0.0000000000        0.0000000000        0.0000000000        0.0000000000        0.0000000000        0.0000000000
       18.7374986027        0.0000000000        0.0000000000        0.0000000000        0.0000000000        0.0000000000        0.0000000000        0.0000000000        0.0000000000        0.0000000000        0.0000000000
       18.8456429534        0.0000000000        0.0000000000        0.0000000000        0.0000000000        0.0000000000        0.0000000000        0.0000000000        0.0000000000        0.0000000000        0.0000000000
       18.9537873041        0.0000000000        0.0000000000        0.0000000000        0.0000000000        0.0000000000        0.0000000000        0.0000000000        0.0000000000        0.0000000000        0.0000000000
       19.0619316548        0.0000000000        0.0000000000        0.0000000000        0.0000000000        0.0000000000        0.0000000000        0.0000000000        0.0000000000        0.0000000000        0.0000000000
       19.1700760055        0.0000000000        0.0000000000        0.0000000000        0.0000000000        0.0000000000        0.0000000000        0.0000000000        0.0000000000        0.0000000000        0.0000000000
       19.2782203563        0.0000000000        0.0000000000        0.0000000000        0.0000000000        0.0000000000        0.0000000000        0.0000000000        0.0000000000        0.0000000000        0.0000000000
       19.3863647070        0.0000000000        0.0000000000        0.0000000000        0.0000000000        0.0000000000        0.0000000000        0.0000000000        0.0000000000        0.0000000000        0.0000000000
       19.4945090577        0.0000000000        0.0000000000        0.0000000000        0.0000000000        0.0000000000        0.0000000000        0.0000000000        0.0000000000        0.0000000000        0.0000000000
