#Distance(A)    Macroscopic-Average    Planar-Average
  0.0000            12.85907            -0.00008
  0.0893            14.24744            -0.00007
  0.1786            15.53702             0.00022
  0.2679            16.68037             0.00025
  0.3571            17.65321             0.00002
  0.4464            18.45576             0.00005
  0.5357            19.10773             0.00039
  0.6250            19.63930             0.00048
  0.7143            20.08127             0.00031
  0.8036            20.45769             0.00044
  0.8929            20.78370             0.00091
  0.9821            21.06824             0.00118
  1.0714            21.31858             0.00120
  1.1607            21.54214             0.00159
  1.2500            21.74628             0.00245
  1.3393            21.93827             0.00324
  1.4286            22.12514             0.00391
  1.5179            22.31396             0.00514
  1.6071            22.51200             0.00713
  1.6964            22.72689             0.00940
  1.7857            22.96643             0.01204
  1.8750            23.23822             0.01590
  1.9643            23.54941             0.02136
  2.0536            23.90673             0.02816
  2.1429            24.31672             0.03669
  2.2321            24.78563             0.04836
  2.3214            25.31842             0.06425
  2.4107            25.91692             0.08492
  2.5000            26.57794             0.11169
  2.5893            27.29221             0.14730
  2.6786            28.04490             0.19471
  2.7679            28.81811             0.25711
  2.8571            29.59463             0.33935
  2.9464            30.36154             0.44874
  3.0357            31.11187             0.59391
  3.1250            31.84353             0.78553
  3.2143            32.55594             1.03880
  3.3036            33.24631             1.37561
  3.3929            33.90748             1.82412
  3.4821            34.52824             2.42006
  3.5714            35.09569             3.21006
  3.6607            35.59843             4.25644
  3.7500            36.02944             5.64009
  3.8393            36.38754             7.46567
  3.9286            36.67716             9.86425
  4.0179            36.90677            12.99330
  4.1071            37.08656            17.02783
  4.1964            37.22652            22.15425
  4.2857            37.33545            28.55396
  4.3750            37.42085            36.35350
  4.4643            37.48904            45.46246
  4.5536            37.54535            55.47705
  4.6429            37.59436            65.74548
  4.7321            37.64018            75.66301
  4.8214            37.68676            85.23500
  4.9107            37.73826            95.12200
  5.0000            37.79943           106.26551
  5.0893            37.87596           119.36424
  5.1786            37.97500           134.36008
  5.2679            38.10589           150.11629
  5.3571            38.28088           164.45015
  5.4464            38.51575           174.61162
  5.5357            38.83068           178.10472
  5.6250            39.25121           173.54655
  5.7143            39.80893           161.19681
  5.8036            40.54076           142.91918
  5.8929            41.48559           121.60501
  5.9821            42.67786           100.31812
  6.0714            44.13862            81.49638
  6.1607            45.86627            66.44678
  6.2500            47.83129            55.24565
  6.3393            49.97843            47.05271
  6.4286            52.23507            40.75190
  6.5179            54.52060            35.56633
  6.6071            56.75288            31.29320
  6.6964            58.85311            27.94446
  6.7857            60.75303            25.51831
  6.8750            62.40436            23.99800
  6.9643            63.78578            23.35859
  7.0536            64.90299            23.60242
  7.1429            65.78185            24.75540
  7.2321            66.45884            26.86139
  7.3214            66.97269            29.94267
  7.4107            67.35878            33.97419
  7.5000            67.64671            38.89828
  7.5893            67.86010            44.66499
  7.6786            68.01746            51.24875
  7.7679            68.13312            58.61309
  7.8571            68.21795            66.59907
  7.9464            68.28003            74.81289
  8.0357            68.32527            82.62775
  8.1250            68.35803            89.28335
  8.2143            68.38153            94.08618
  8.3036            68.39807            96.65099
  8.3929            68.40930            97.06516
  8.4821            68.41634            95.86348
  8.5714            68.41991            93.79164
  8.6607            68.42043            91.45714
  8.7500            68.41799            89.05111
  8.8393            68.41251            86.29690
  8.9286            68.40358            82.64681
  9.0179            68.39051            77.59452
  9.1071            68.37227            70.93052
  9.1964            68.34740            62.84317
  9.2857            68.31395            53.87680
  9.3750            68.26927            44.76185
  9.4643            68.20986            36.20289
  9.5536            68.13118            28.70045
  9.6429            68.02740            22.47418
  9.7321            67.89130            17.49481
  9.8214            67.71416            13.61578
  9.9107            67.48579            10.67600
 10.0000            67.19501             8.52404
 10.0893            66.83135             7.03798
 10.1786            66.38756             6.12601
 10.2679            65.86161             5.72779
 10.3571            65.25632             5.82215
 10.4464            64.57445             6.43759
 10.5357            63.81348             7.64667
 10.6250            62.96336             9.56662
 10.7143            62.00845            12.38014
 10.8036            60.93358            16.36122
 10.8929            59.73265            21.87276
 10.9821            58.41705            29.35947
 11.0714            57.02016            39.36654
 11.1607            55.59532            52.56631
 11.2500            54.20695            69.71451
 11.3393            52.91737            91.47834
 11.4286            51.77402           118.10465
 11.5179            50.80118           149.03388
 11.6071            49.99863           182.59485
 11.6964            49.34666           215.95666
 11.7857            48.81509           245.62862
 11.8750            48.37313           268.39235
 11.9643            47.99670           282.08006
 12.0536            47.67069           285.69272
 12.1429            47.38616           279.03561
 12.2321            47.13581           262.53006
 12.3214            46.91226           237.49217
 12.4107            46.70811           206.41839
 12.5000            46.51613           172.68092
 12.5893            46.32926           139.65447
 12.6786            46.14044           109.86257
 12.7679            45.94239            84.63108
 12.8571            45.72750            64.24038
 12.9464            45.48796            48.27398
 13.0357            45.21617            36.00689
 13.1250            44.90498            26.69531
 13.2143            44.54766            19.69811
 13.3036            44.13767            14.49376
 13.3929            43.66877            10.65273
 13.4821            43.13598             7.82429
 13.5714            42.53747             5.73984
 13.6607            41.87645             4.20688
 13.7500            41.16218             3.08416
 13.8393            40.40950             2.26266
 13.9286            39.63629             1.66033
 14.0179            38.85977             1.21915
 14.1071            38.09286             0.89606
 14.1964            37.34253             0.65788
 14.2857            36.61087             0.48157
 14.3750            35.89846             0.35274
 14.4643            35.20809             0.25956
 14.5536            34.54691             0.19104
 14.6429            33.92616             0.13957
 14.7321            33.35871             0.10174
 14.8214            32.85597             0.07466
 14.9107            32.42495             0.05479
 15.0000            32.06686             0.03974
 15.0893            31.77723             0.02896
 15.1786            31.54763             0.02150
 15.2679            31.36784             0.01579
 15.3571            31.22788             0.01113
 15.4464            31.11895             0.00800
 15.5357            31.03354             0.00612
 15.6250            30.96535             0.00458
 15.7143            30.90905             0.00307
 15.8036            30.86004             0.00218
 15.8929            30.81422             0.00180
 15.9821            30.76764             0.00134
 16.0714            30.71614             0.00074
 16.1607            30.65497             0.00055
 16.2500            30.57843             0.00061
 16.3393            30.47939             0.00044
 16.4286            30.34851             0.00010
 16.5179            30.17352             0.00010
 16.6071            29.93865             0.00025
 16.6964            29.62371             0.00017
 16.7857            29.20318            -0.00007
 16.8750            28.64547            -0.00001
 16.9643            27.91364             0.00016
 17.0536            26.96880             0.00008
 17.1429            25.77653            -0.00012
 17.2321            24.31578            -0.00003
 17.3214            22.58812             0.00014
 17.4107            20.62309             0.00005
 17.5000            18.47595            -0.00013
 17.5893            16.21931            -0.00002
 17.6786            13.93377             0.00014
 17.7679            11.70149             0.00004
 17.8571             9.60125            -0.00013
 17.9464             7.70131            -0.00001
 18.0357             6.04996             0.00014
 18.1250             4.66851             0.00004
 18.2143             3.55128            -0.00013
 18.3036             2.67238            -0.00001
 18.3929             1.99533             0.00014
 18.4821             1.48141             0.00003
 18.5714             1.09522            -0.00012
 18.6607             0.80716             0.00000
 18.7500             0.59360             0.00014
 18.8393             0.43601             0.00003
 18.9286             0.32006            -0.00012
 19.0179             0.23484             0.00000
 19.1071             0.17225             0.00015
 19.1964             0.12633             0.00003
 19.2857             0.09267            -0.00012
 19.3750             0.06800             0.00001
 19.4643             0.04990             0.00015
 19.5536             0.03661             0.00003
 19.6429             0.02686            -0.00012
 19.7321             0.01969             0.00001
 19.8214             0.01443             0.00015
 19.9107             0.01058             0.00003
 20.0000             0.00776            -0.00012
 20.0893             0.00568             0.00001
 20.1786             0.00415             0.00015
 20.2679             0.00303             0.00003
 20.3571             0.00222            -0.00012
 20.4464             0.00162             0.00001
 20.5357             0.00118             0.00015
 20.6250             0.00087             0.00003
 20.7143             0.00064            -0.00012
 20.8036             0.00046             0.00001
 20.8929             0.00034             0.00015
 20.9821             0.00025             0.00003
 21.0714             0.00018            -0.00012
 21.1607             0.00014             0.00000
 21.2500             0.00010             0.00015
 21.3393             0.00007             0.00004
 21.4286             0.00006            -0.00012
 21.5179             0.00004            -0.00000
 21.6071             0.00003             0.00015
 21.6964             0.00002             0.00003
 21.7857             0.00002            -0.00012
 21.8750             0.00002            -0.00001
 21.9643             0.00001             0.00014
 22.0536             0.00001             0.00004
 22.1429             0.00001            -0.00012
 22.2321             0.00001            -0.00001
 22.3214             0.00001             0.00014
 22.4107             0.00001             0.00004
 22.5000             0.00001            -0.00013
 22.5893             0.00001            -0.00002
 22.6786             0.00001             0.00014
 22.7679             0.00001             0.00004
 22.8571             0.00001            -0.00013
 22.9464             0.00001            -0.00002
 23.0357             0.00001             0.00014
 23.1250             0.00001             0.00004
 23.2143             0.00001            -0.00013
 23.3036             0.00001            -0.00003
 23.3929             0.00001             0.00013
 23.4821             0.00001             0.00004
 23.5714             0.00001            -0.00013
 23.6607             0.00001            -0.00003
 23.7500             0.00001             0.00013
 23.8393             0.00001             0.00004
 23.9286             0.00001            -0.00013
 24.0179             0.00001            -0.00004
 24.1071             0.00001             0.00013
 24.1964             0.00001             0.00004
 24.2857             0.00001            -0.00014
 24.3750             0.00001            -0.00005
 24.4643             0.00001             0.00013
 24.5536             0.00001             0.00004
 24.6429             0.00001            -0.00014
 24.7321             0.00001            -0.00005
 24.8214             0.00001             0.00013
 24.9107             0.00001             0.00005
 25.0000             0.00001            -0.00014
 25.0893             0.00002            -0.00005
 25.1786             0.00002             0.00013
 25.2679             0.00002             0.00005
 25.3571             0.00003            -0.00014
 25.4464             0.00004            -0.00006
 25.5357             0.00005             0.00013
 25.6250             0.00006             0.00006
 25.7143             0.00008            -0.00014
 25.8036             0.00011            -0.00006
 25.8929             0.00014             0.00013
 25.9821             0.00018             0.00006
 26.0714             0.00024            -0.00014
 26.1607             0.00031            -0.00007
 26.2500             0.00041             0.00013
 26.3393             0.00053             0.00007
 26.4286             0.00071            -0.00013
 26.5179             0.00093            -0.00007
 26.6071             0.00122             0.00013
 26.6964             0.00161             0.00007
 26.7857             0.00212            -0.00013
 26.8750             0.00280            -0.00008
 26.9643             0.00370             0.00013
 27.0536             0.00487             0.00008
 27.1429             0.00643            -0.00013
 27.2321             0.00849            -0.00008
 27.3214             0.01120             0.00014
 27.4107             0.01479             0.00009
 27.5000             0.01955            -0.00013
 27.5893             0.02583            -0.00009
 27.6786             0.03414             0.00014
 27.7679             0.04514             0.00009
 27.8571             0.05974            -0.00013
 27.9464             0.07910            -0.00009
 28.0357             0.10478             0.00014
 28.1250             0.13883             0.00010
 28.2143             0.18395            -0.00013
 28.3036             0.24367            -0.00010
 28.3929             0.32259             0.00014
 28.4821             0.42654             0.00010
 28.5714             0.56276            -0.00013
 28.6607             0.73999            -0.00010
 28.7500             0.96842             0.00014
 28.8393             1.25925             0.00011
 28.9286             1.62295            -0.00013
 29.0179             2.06677            -0.00011
 29.1071             2.59273             0.00014
 29.1964             3.19804             0.00012
 29.2857             3.87992            -0.00013
 29.3750             4.64089            -0.00011
 29.4643             5.49101             0.00014
 29.5536             6.44593             0.00014
 29.6429             7.52081            -0.00012
 29.7321             8.72174            -0.00011
 29.8214            10.03734             0.00016
 29.9107            11.43423             0.00017
