#Distance(A) Planar-Average-Potential(eV)/Densitiy(e/A)
  0.0000             2.99232
  0.0893             2.99219
  0.1786             2.99232
  0.2679             2.99219
  0.3571             2.99232
  0.4464             2.99218
  0.5357             2.99231
  0.6250             2.99218
  0.7143             2.99229
  0.8036             2.99216
  0.8929             2.99227
  0.9821             2.99212
  1.0714             2.99222
  1.1607             2.99206
  1.2500             2.99214
  1.3393             2.99196
  1.4286             2.99200
  1.5179             2.99177
  1.6071             2.99175
  1.6964             2.99145
  1.7857             2.99132
  1.8750             2.99088
  1.9643             2.99057
  2.0536             2.98990
  2.1429             2.98927
  2.2321             2.98819
  2.3214             2.98700
  2.4107             2.98520
  2.5000             2.98306
  2.5893             2.98000
  2.6786             2.97619
  2.7679             2.97095
  2.8571             2.96424
  2.9464             2.95517
  3.0357             2.94340
  3.1250             2.92765
  3.2143             2.90703
  3.3036             2.87959
  3.3929             2.84346
  3.4821             2.79550
  3.5714             2.73215
  3.6607             2.64808
  3.7500             2.53684
  3.8393             2.38928
  3.9286             2.19403
  4.0179             1.93524
  4.1071             1.59373
  4.1964             1.14591
  4.2857             0.58286
  4.3750            -0.12799
  4.4643            -1.19710
  4.5536            -2.75585
  4.6429            -4.77802
  4.7321            -7.12247
  4.8214            -9.56876
  4.9107           -11.90711
  5.0000           -13.99732
  5.0893           -15.79440
  5.1786           -17.22246
  5.2679           -18.19801
  5.3571           -18.64313
  5.4464           -18.52026
  5.5357           -17.83067
  5.6250           -16.62091
  5.7143           -14.98928
  5.8036           -13.11087
  5.8929           -11.18965
  5.9821            -9.43913
  6.0714            -7.99103
  6.1607            -6.85294
  6.2500            -5.86616
  6.3393            -4.94410
  6.4286            -4.17452
  6.5179            -3.62193
  6.6071            -3.30143
  6.6964            -3.17326
  6.7857            -3.17185
  6.8750            -3.21317
  6.9643            -3.29026
  7.0536            -3.40924
  7.1429            -3.56024
  7.2321            -3.73617
  7.3214            -4.00739
  7.4107            -4.42173
  7.5000            -4.97914
  7.5893            -5.63652
  7.6786            -6.36939
  7.7679            -7.18726
  7.8571            -8.21724
  7.9464            -9.52419
  8.0357           -11.02136
  8.1250           -12.55325
  8.2143           -13.94713
  8.3036           -15.05941
  8.3929           -15.78245
  8.4821           -16.05265
  8.5714           -15.83955
  8.6607           -15.14332
  8.7500           -13.99635
  8.8393           -12.46673
  8.9286           -10.65008
  9.0179            -8.65037
  9.1071            -6.53207
  9.1964            -4.41569
  9.2857            -2.49602
  9.3750            -0.93091
  9.4643             0.20179
  9.5536             0.95751
  9.6429             1.48336
  9.7321             1.91224
  9.8214             2.23799
  9.9107             2.47568
 10.0000             2.64491
 10.0893             2.75976
 10.1786             2.82900
 10.2679             2.85952
 10.3571             2.85257
 10.4464             2.80908
 10.5357             2.72327
 10.6250             2.58952
 10.7143             2.39296
 10.8036             2.11855
 10.8929             1.73706
 10.9821             1.21760
 11.0714             0.50675
 11.1607            -0.45334
 11.2500            -1.72038
 11.3393            -3.30836
 11.4286            -5.77580
 11.5179            -9.58582
 11.6071           -14.07332
 11.6964           -18.08172
 11.7857           -20.71924
 11.8750           -21.87412
 11.9643           -22.08888
 12.0536           -22.07226
 12.1429           -22.06239
 12.2321           -21.65082
 12.3214           -20.10437
 12.4107           -17.03051
 12.5000           -12.77034
 12.5893            -8.36176
 12.6786            -4.89945
 12.7679            -2.76295
 12.8571            -1.31885
 12.9464            -0.13288
 13.0357             0.74298
 13.1250             1.39319
 13.2143             1.86794
 13.3036             2.21935
 13.3929             2.47524
 13.4821             2.66465
 13.5714             2.80224
 13.6607             2.90426
 13.7500             2.97818
 13.8393             3.03318
 13.9286             3.07290
 14.0179             3.10258
 14.1071             3.12391
 14.1964             3.13992
 14.2857             3.15133
 14.3750             3.15997
 14.4643             3.16608
 14.5536             3.17073
 14.6429             3.17399
 14.7321             3.17648
 14.8214             3.17822
 14.9107             3.17956
 15.0000             3.18049
 15.0893             3.18119
 15.1786             3.18170
 15.2679             3.18206
 15.3571             3.18235
 15.4464             3.18253
 15.5357             3.18270
 15.6250             3.18278
 15.7143             3.18290
 15.8036             3.18291
 15.8929             3.18301
 15.9821             3.18298
 16.0714             3.18307
 16.1607             3.18302
 16.2500             3.18311
 16.3393             3.18305
 16.4286             3.18314
 16.5179             3.18307
 16.6071             3.18316
 16.6964             3.18308
 16.7857             3.18318
 16.8750             3.18309
 16.9643             3.18319
 17.0536             3.18310
 17.1429             3.18321
 17.2321             3.18311
 17.3214             3.18322
 17.4107             3.18312
 17.5000             3.18323
 17.5893             3.18313
 17.6786             3.18325
 17.7679             3.18314
 17.8571             3.18326
 17.9464             3.18315
 18.0357             3.18327
 18.1250             3.18316
 18.2143             3.18328
 18.3036             3.18317
 18.3929             3.18329
 18.4821             3.18318
 18.5714             3.18330
 18.6607             3.18319
 18.7500             3.18332
 18.8393             3.18320
 18.9286             3.18332
 19.0179             3.18321
 19.1071             3.18333
 19.1964             3.18321
 19.2857             3.18334
 19.3750             3.18322
 19.4643             3.18335
 19.5536             3.18323
 19.6429             3.18336
 19.7321             3.18324
 19.8214             3.18337
 19.9107             3.18324
 20.0000             3.18338
 20.0893             3.18325
 20.1786             3.18338
 20.2679             3.18325
 20.3571             3.18339
 20.4464             3.18326
 20.5357             3.18339
 20.6250             3.18326
 20.7143             3.18340
 20.8036             3.18327
 20.8929             3.18340
 20.9821             3.18327
 21.0714             3.18341
 21.1607             3.18328
 21.2500             3.18341
 21.3393             3.18328
 21.4286             3.18341
 21.5179             3.18328
 21.6071             3.18342
 21.6964             3.18328
 21.7857             3.18342
 21.8750             3.18328
 21.9643             3.18342
 22.0536             3.18329
 22.1429             3.18342
 22.2321             3.18329
 22.3214             3.18343
 22.4107             3.18329
 22.5000             3.18343
 22.5893             3.18329
 22.6786             3.18343
 22.7679             3.18329
 22.8571             3.18343
 22.9464             3.18329
 23.0357             3.18343
 23.1250             3.18329
 23.2143             3.18343
 23.3036             3.18329
 23.3929             3.18343
 23.4821             3.18329
 23.5714             3.18343
 23.6607             3.18329
 23.7500             3.18343
 23.8393             3.18329
 23.9286             3.18343
 24.0179             3.18329
 24.1071             3.18343
 24.1964             3.18329
 24.2857             3.17629
 24.3750             3.15564
 24.4643             3.12479
 24.5536             3.08774
 24.6429             3.05096
 24.7321             3.01983
 24.8214             2.99946
 24.9107             2.99218
 25.0000             2.99232
 25.0893             2.99218
 25.1786             2.99232
 25.2679             2.99218
 25.3571             2.99232
 25.4464             2.99218
 25.5357             2.99232
 25.6250             2.99218
 25.7143             2.99232
 25.8036             2.99218
 25.8929             2.99232
 25.9821             2.99218
 26.0714             2.99232
 26.1607             2.99218
 26.2500             2.99232
 26.3393             2.99218
 26.4286             2.99232
 26.5179             2.99219
 26.6071             2.99232
 26.6964             2.99219
 26.7857             2.99232
 26.8750             2.99219
 26.9643             2.99233
 27.0536             2.99219
 27.1429             2.99233
 27.2321             2.99219
 27.3214             2.99233
 27.4107             2.99219
 27.5000             2.99233
 27.5893             2.99219
 27.6786             2.99233
 27.7679             2.99219
 27.8571             2.99233
 27.9464             2.99219
 28.0357             2.99233
 28.1250             2.99219
 28.2143             2.99233
 28.3036             2.99219
 28.3929             2.99233
 28.4821             2.99219
 28.5714             2.99233
 28.6607             2.99219
 28.7500             2.99233
 28.8393             2.99219
 28.9286             2.99233
 29.0179             2.99219
 29.1071             2.99233
 29.1964             2.99219
 29.2857             2.99233
 29.3750             2.99219
 29.4643             2.99233
 29.5536             2.99220
 29.6429             2.99233
 29.7321             2.99219
 29.8214             2.99233
 29.9107             2.99219
