#Distance(A) Planar-Average-Potential(eV)/Densitiy(e/A)
  0.0000             0.00003
  0.0893             0.00002
  0.1786             0.00002
  0.2679             0.00002
  0.3571             0.00002
  0.4464             0.00002
  0.5357             0.00002
  0.6250             0.00002
  0.7143             0.00002
  0.8036             0.00002
  0.8929             0.00001
  0.9821             0.00001
  1.0714             0.00001
  1.1607             0.00001
  1.2500             0.00000
  1.3393             0.00000
  1.4286             0.00000
  1.5179             0.00000
  1.6071            -0.00000
  1.6964            -0.00000
  1.7857            -0.00000
  1.8750            -0.00000
  1.9643            -0.00001
  2.0536            -0.00001
  2.1429            -0.00000
  2.2321            -0.00001
  2.3214            -0.00001
  2.4107            -0.00001
  2.5000            -0.00001
  2.5893            -0.00001
  2.6786            -0.00002
  2.7679            -0.00002
  2.8571            -0.00003
  2.9464            -0.00004
  3.0357            -0.00007
  3.1250            -0.00010
  3.2143            -0.00013
  3.3036            -0.00019
  3.3929            -0.00028
  3.4821            -0.00038
  3.5714            -0.00052
  3.6607            -0.00071
  3.7500            -0.00095
  3.8393            -0.00127
  3.9286            -0.00167
  4.0179            -0.00217
  4.1071            -0.00276
  4.1964            -0.00344
  4.2857            -0.00417
  4.3750            -0.00487
  4.4643            -0.00533
  4.5536            -0.00537
  4.6429            -0.00484
  4.7321            -0.00392
  4.8214            -0.00308
  4.9107            -0.00272
  5.0000            -0.00308
  5.0893            -0.00407
  5.1786            -0.00530
  5.2679            -0.00618
  5.3571            -0.00612
  5.4464            -0.00477
  5.5357            -0.00215
  5.6250             0.00139
  5.7143             0.00524
  5.8036             0.00877
  5.8929             0.01154
  5.9821             0.01339
  6.0714             0.01439
  6.1607             0.01481
  6.2500             0.01496
  6.3393             0.01515
  6.4286             0.01547
  6.5179             0.01586
  6.6071             0.01621
  6.6964             0.01659
  6.7857             0.01705
  6.8750             0.01759
  6.9643             0.01824
  7.0536             0.01902
  7.1429             0.01988
  7.2321             0.02055
  7.3214             0.02062
  7.4107             0.01960
  7.5000             0.01707
  7.5893             0.01283
  7.6786             0.00684
  7.7679            -0.00080
  7.8571            -0.00985
  7.9464            -0.01968
  8.0357            -0.02909
  8.1250            -0.03627
  8.2143            -0.03915
  8.3036            -0.03579
  8.3929            -0.02464
  8.4821            -0.00519
  8.5714             0.02129
  8.6607             0.05144
  8.7500             0.08072
  8.8393             0.10523
  8.9286             0.12295
  9.0179             0.13348
  9.1071             0.13698
  9.1964             0.13369
  9.2857             0.12448
  9.3750             0.11148
  9.4643             0.09767
  9.5536             0.08560
  9.6429             0.07622
  9.7321             0.06889
  9.8214             0.06247
  9.9107             0.05636
 10.0000             0.05045
 10.0893             0.04467
 10.1786             0.03838
 10.2679             0.03030
 10.3571             0.01894
 10.4464             0.00318
 10.5357            -0.01736
 10.6250            -0.04238
 10.7143            -0.07116
 10.8036            -0.10266
 10.8929            -0.13522
 10.9821            -0.16625
 11.0714            -0.19229
 11.1607            -0.20950
 11.2500            -0.21437
 11.3393            -0.20442
 11.4286            -0.17877
 11.5179            -0.13886
 11.6071            -0.08873
 11.6964            -0.03497
 11.7857             0.01314
 11.8750             0.04496
 11.9643             0.05260
 12.0536             0.03593
 12.1429             0.00404
 12.2321            -0.02915
 12.3214            -0.05212
 12.4107            -0.06061
 12.5000            -0.05701
 12.5893            -0.04633
 12.6786            -0.03282
 12.7679            -0.01912
 12.8571            -0.00681
 12.9464             0.00325
 13.0357             0.01073
 13.1250             0.01569
 13.2143             0.01848
 13.3036             0.01960
 13.3929             0.01954
 13.4821             0.01866
 13.5714             0.01721
 13.6607             0.01546
 13.7500             0.01362
 13.8393             0.01184
 13.9286             0.01018
 14.0179             0.00868
 14.1071             0.00734
 14.1964             0.00616
 14.2857             0.00511
 14.3750             0.00422
 14.4643             0.00348
 14.5536             0.00286
 14.6429             0.00233
 14.7321             0.00188
 14.8214             0.00151
 14.9107             0.00121
 15.0000             0.00096
 15.0893             0.00076
 15.1786             0.00060
 15.2679             0.00048
 15.3571             0.00037
 15.4464             0.00028
 15.5357             0.00021
 15.6250             0.00017
 15.7143             0.00012
 15.8036             0.00008
 15.8929             0.00006
 15.9821             0.00004
 16.0714             0.00003
 16.1607             0.00001
 16.2500             0.00000
 16.3393            -0.00000
 16.4286            -0.00001
 16.5179            -0.00002
 16.6071            -0.00002
 16.6964            -0.00002
 16.7857            -0.00002
 16.8750            -0.00002
 16.9643            -0.00002
 17.0536            -0.00002
 17.1429            -0.00002
 17.2321            -0.00002
 17.3214            -0.00002
 17.4107            -0.00002
 17.5000            -0.00002
 17.5893            -0.00002
 17.6786            -0.00002
 17.7679            -0.00002
 17.8571            -0.00001
 17.9464            -0.00002
 18.0357            -0.00002
 18.1250            -0.00001
 18.2143            -0.00001
 18.3036            -0.00001
 18.3929            -0.00001
 18.4821            -0.00001
 18.5714            -0.00001
 18.6607            -0.00001
 18.7500            -0.00001
 18.8393            -0.00000
 18.9286            -0.00000
 19.0179            -0.00000
 19.1071            -0.00000
 19.1964             0.00000
 19.2857             0.00001
 19.3750             0.00000
 19.4643             0.00001
 19.5536             0.00001
 19.6429             0.00001
 19.7321             0.00001
 19.8214             0.00001
 19.9107             0.00002
 20.0000             0.00002
 20.0893             0.00002
 20.1786             0.00002
 20.2679             0.00002
 20.3571             0.00003
 20.4464             0.00002
 20.5357             0.00003
 20.6250             0.00003
 20.7143             0.00003
 20.8036             0.00003
 20.8929             0.00003
 20.9821             0.00003
 21.0714             0.00004
 21.1607             0.00003
 21.2500             0.00003
 21.3393             0.00004
 21.4286             0.00004
 21.5179             0.00004
 21.6071             0.00004
 21.6964             0.00004
 21.7857             0.00004
 21.8750             0.00004
 21.9643             0.00004
 22.0536             0.00004
 22.1429             0.00004
 22.2321             0.00004
 22.3214             0.00003
 22.4107             0.00004
 22.5000             0.00004
 22.5893             0.00003
 22.6786             0.00003
 22.7679             0.00003
 22.8571             0.00003
 22.9464             0.00003
 23.0357             0.00002
 23.1250             0.00003
 23.2143             0.00002
 23.3036             0.00002
 23.3929             0.00002
 23.4821             0.00002
 23.5714             0.00002
 23.6607             0.00001
 23.7500             0.00001
 23.8393             0.00001
 23.9286             0.00001
 24.0179             0.00000
 24.1071            -0.00000
 24.1964            -0.00000
 24.2857            -0.00000
 24.3750            -0.00001
 24.4643            -0.00001
 24.5536            -0.00001
 24.6429            -0.00001
 24.7321            -0.00001
 24.8214            -0.00002
 24.9107            -0.00002
 25.0000            -0.00002
 25.0893            -0.00002
 25.1786            -0.00003
 25.2679            -0.00003
 25.3571            -0.00003
 25.4464            -0.00003
 25.5357            -0.00003
 25.6250            -0.00003
 25.7143            -0.00003
 25.8036            -0.00003
 25.8929            -0.00004
 25.9821            -0.00003
 26.0714            -0.00003
 26.1607            -0.00004
 26.2500            -0.00004
 26.3393            -0.00004
 26.4286            -0.00003
 26.5179            -0.00004
 26.6071            -0.00004
 26.6964            -0.00003
 26.7857            -0.00003
 26.8750            -0.00003
 26.9643            -0.00003
 27.0536            -0.00003
 27.1429            -0.00003
 27.2321            -0.00003
 27.3214            -0.00003
 27.4107            -0.00002
 27.5000            -0.00002
 27.5893            -0.00002
 27.6786            -0.00002
 27.7679            -0.00002
 27.8571            -0.00001
 27.9464            -0.00001
 28.0357            -0.00001
 28.1250            -0.00001
 28.2143            -0.00000
 28.3036            -0.00000
 28.3929            -0.00000
 28.4821             0.00000
 28.5714             0.00001
 28.6607             0.00001
 28.7500             0.00001
 28.8393             0.00001
 28.9286             0.00001
 29.0179             0.00001
 29.1071             0.00001
 29.1964             0.00002
 29.2857             0.00002
 29.3750             0.00002
 29.4643             0.00002
 29.5536             0.00002
 29.6429             0.00002
 29.7321             0.00002
 29.8214             0.00002
 29.9107             0.00002
